t n
0.0 33215
0.5 32880
1.0 33437
1.5 33270
2.0 33148
2.5 33447
3.0 33415
3.5 33459
4.0 33648
4.5 33073
5.0 33185
5.5 33296
6.0 32954
6.5 33492
7.0 33331
7.5 33261
8.0 33334
8.5 33468
9.0 33165
9.5 33459
10.0 33118
10.5 33381
11.0 33595
11.5 33092
12.0 33410
12.5 33408
13.0 33139
13.5 33247
14.0 33405
14.5 33311
15.0 33426
15.5 33458
16.0 33215
16.5 33105
17.0 33298
17.5 33171
18.0 33146
18.5 33327
19.0 33263
19.5 33495
20.0 33389
20.5 33232
21.0 33196
21.5 33188
22.0 33161
22.5 33212
23.0 33172
23.5 33622
24.0 33127
24.5 33349
25.0 33598
25.5 33514
26.0 33067
26.5 33165
27.0 33247
27.5 33388
28.0 33282
28.5 33086
29.0 33354
29.5 33224
30.0 33277
30.5 33656
31.0 33387
31.5 33298
32.0 33426
32.5 33495
33.0 33255
33.5 33251
34.0 33347
34.5 33288
35.0 33296
35.5 33810
36.0 33220
36.5 33179
37.0 33276
37.5 33356
38.0 33365
38.5 33524
39.0 33158
39.5 33217
40.0 33120
40.5 33755
41.0 33212
41.5 32990
42.0 32972
42.5 33076
43.0 33235
43.5 33569
44.0 33313
44.5 33170
45.0 33062
45.5 33213
46.0 33367
46.5 33442
47.0 33555
47.5 33246
48.0 33041
48.5 33023
49.0 33396
49.5 33423
50.0 33274
50.5 32980
51.0 33425
51.5 33383
52.0 33406
52.5 33318
53.0 33520
53.5 33224
54.0 33047
54.5 33054
55.0 33456
55.5 33323
56.0 33276
56.5 33158
57.0 33433
57.5 33358
58.0 33293
58.5 33257
59.0 33322
59.5 33583
60.0 33168
60.5 33319
61.0 33400
61.5 33159
62.0 33131
62.5 32847
63.0 32909
63.5 33305
64.0 33372
64.5 33009
65.0 33432
65.5 33124
66.0 33279
66.5 33314
67.0 33185
67.5 33139
68.0 33440
68.5 33290
69.0 33265
69.5 33256
70.0 33288
70.5 33189
71.0 33432
71.5 33110
72.0 33607
72.5 33135
73.0 33150
73.5 33288
74.0 33103
74.5 33276
75.0 33034
75.5 33355
76.0 33052
76.5 33075
77.0 33200
77.5 33429
78.0 33132
78.5 33517
79.0 33205
79.5 33203
80.0 33387
80.5 32996
81.0 33242
81.5 33285
82.0 33156
82.5 33403
83.0 33165
83.5 33230
84.0 33236
84.5 33239
85.0 33178
85.5 33321
86.0 33533
86.5 33312
87.0 33187
87.5 33005
88.0 33192
88.5 33214
89.0 33039
89.5 33364
90.0 33169
90.5 33051
91.0 33249
91.5 33089
92.0 33092
92.5 33147
93.0 33614
93.5 33194
94.0 33512
94.5 33354
95.0 33088
95.5 33369
96.0 33349
96.5 33396
97.0 33530
97.5 33340
98.0 33271
98.5 33303
99.0 32996
99.5 33422
100.0 33253
100.5 33544
101.0 33258
101.5 33291
102.0 33060
102.5 33455
103.0 33387
103.5 33230
104.0 33464
104.5 32972
105.0 33304
105.5 33419
106.0 33208
106.5 33168
107.0 33310
107.5 33186
108.0 32869
108.5 33259
109.0 33489
109.5 33409
110.0 32992
110.5 33268
111.0 33150
111.5 32901
112.0 33259
112.5 33311
113.0 33237
113.5 33487
114.0 33299
114.5 33288
115.0 33461
115.5 33312
116.0 33358
116.5 33399
117.0 33283
117.5 33202
118.0 33267
118.5 33384
119.0 33431
119.5 33052
120.0 33453
120.5 33609
121.0 33243
121.5 33318
122.0 33302
122.5 33118
123.0 33284
123.5 33125
124.0 33488
124.5 33298
125.0 33350
125.5 33423
126.0 33228
126.5 33176
127.0 33359
127.5 33343
128.0 33591
128.5 33112
129.0 33435
129.5 33335
130.0 33387
130.5 33372
131.0 33369
131.5 33404
132.0 33211
132.5 33521
133.0 33456
133.5 32866
134.0 33323
134.5 33280
135.0 33373
135.5 33209
136.0 33356
136.5 32998
137.0 33393
137.5 33391
138.0 33187
138.5 33195
139.0 33317
139.5 32847
140.0 33424
140.5 33211
141.0 33405
141.5 33158
142.0 33574
142.5 33396
143.0 33391
143.5 33190
144.0 33071
144.5 33452
145.0 33234
145.5 33331
146.0 33015
146.5 33224
147.0 33399
147.5 33335
148.0 33410
148.5 33241
149.0 33350
149.5 33148
150.0 33145
150.5 33207
151.0 33364
151.5 33180
152.0 33320
152.5 33306
153.0 33314
153.5 33497
154.0 33481
154.5 33407
155.0 33349
155.5 33491
156.0 33340
156.5 33336
157.0 33374
157.5 33274
158.0 33282
158.5 33398
159.0 33439
159.5 33098
160.0 33143
160.5 33415
161.0 33624
161.5 33520
162.0 33006
162.5 33074
163.0 33437
163.5 33157
164.0 33419
164.5 33421
165.0 33534
165.5 33444
166.0 33129
166.5 33370
167.0 33140
167.5 33185
168.0 33385
168.5 33363
169.0 32960
169.5 33043
170.0 33513
170.5 33582
171.0 33299
171.5 33329
172.0 33450
172.5 32961
173.0 32920
173.5 33203
174.0 33138
174.5 33282
175.0 33267
175.5 32767
176.0 33307
176.5 33337
177.0 33140
177.5 33613
178.0 33501
178.5 32956
179.0 33435
179.5 33550
180.0 33409
180.5 33335
181.0 33310
181.5 33469
182.0 33280
182.5 33106
183.0 33185
183.5 33523
184.0 33099
184.5 33310
185.0 33213
185.5 33205
186.0 33705
186.5 33011
187.0 33222
187.5 33005
188.0 33143
188.5 33020
189.0 33165
189.5 33070
190.0 33366
190.5 33398
191.0 33412
191.5 33411
192.0 33209
192.5 33166
193.0 33452
193.5 32840
194.0 33486
194.5 32937
195.0 33591
195.5 33312
196.0 33318
196.5 33259
197.0 32937
197.5 33486
198.0 33306
198.5 33395
199.0 33507
199.5 33155
200.0 33050
200.5 33316
201.0 33345
201.5 33254
202.0 33072
202.5 33421
203.0 33247
203.5 33525
204.0 33027
204.5 33204
205.0 33130
205.5 33189
206.0 33045
206.5 33354
207.0 33087
207.5 33295
208.0 33406
208.5 33346
209.0 33456
209.5 33054
210.0 33481
210.5 33300
211.0 33192
211.5 33438
212.0 33278
212.5 33036
213.0 33215
213.5 33544
214.0 33076
214.5 33036
215.0 33425
215.5 33200
216.0 33338
216.5 33313
217.0 33093
217.5 33331
218.0 33452
218.5 33442
219.0 32986
219.5 33452
220.0 33204
220.5 33315
221.0 33151
221.5 33436
222.0 33481
222.5 33585
223.0 33315
223.5 33137
224.0 33062
224.5 33318
225.0 33140
225.5 33251
226.0 33066
226.5 33089
227.0 33354
227.5 33108
228.0 32937
228.5 33396
229.0 33213
229.5 33463
230.0 33599
230.5 33356
231.0 33625
231.5 33331
232.0 33342
232.5 33431
233.0 33450
233.5 33278
234.0 33001
234.5 33482
235.0 33182
235.5 33000
236.0 33141
236.5 33212
237.0 33376
237.5 33273
238.0 33383
238.5 33147
239.0 33415
239.5 33442
240.0 33414
240.5 33316
241.0 33529
241.5 33366
242.0 33251
242.5 33038
243.0 33408
243.5 33166
244.0 33426
244.5 33317
245.0 33069
245.5 33270
246.0 33211
246.5 32869
247.0 33316
247.5 33439
248.0 33060
248.5 33097
249.0 33301
249.5 33173
250.0 33192
250.5 33221
251.0 33512
251.5 33414
252.0 33201
252.5 33437
253.0 33333
253.5 32930
254.0 33409
254.5 33090
255.0 33472
255.5 33222
256.0 33315
256.5 33081
257.0 33259
257.5 33383
258.0 33484
258.5 33154
259.0 33307
259.5 33200
260.0 33489
260.5 33338
261.0 33288
261.5 33274
262.0 33352
262.5 33506
263.0 33327
263.5 33133
264.0 33291
264.5 33446
265.0 33316
265.5 33142
266.0 33246
266.5 33239
267.0 33154
267.5 32799
268.0 33507
268.5 33267
269.0 33418
269.5 33338
270.0 32987
270.5 33296
271.0 33289
271.5 33491
272.0 33217
272.5 33255
273.0 33059
273.5 33198
274.0 33374
274.5 33539
275.0 33318
275.5 33094
276.0 33284
276.5 33343
277.0 33232
277.5 33543
278.0 33000
278.5 33022
279.0 33412
279.5 33069
280.0 33480
280.5 33480
281.0 33189
281.5 33375
282.0 33392
282.5 33478
283.0 33127
283.5 33360
284.0 33160
284.5 33167
285.0 33558
285.5 33161
286.0 32917
286.5 33417
287.0 33321
287.5 33423
288.0 33064
288.5 33249
289.0 33366
289.5 33176
290.0 33190
290.5 33154
291.0 32971
291.5 33386
292.0 33377
292.5 33520
293.0 33391
293.5 33180
294.0 33281
294.5 33007
295.0 33388
295.5 33315
296.0 33066
296.5 33384
297.0 33263
297.5 32855
298.0 33148
298.5 33146
299.0 33142
299.5 33291
300.0 33461
